2 -2.7901
2.0417 -2.7983
2.0834 -2.8065
2.1251 -2.8155
2.1668 -2.8228
2.2085 -2.8313
2.2502 -2.839
2.2919 -2.8464
2.3336 -2.8535
2.3753 -2.8607
2.417 -2.8671
2.4587 -2.8734
2.5004 -2.8797
2.5421 -2.886
2.5838 -2.8916
2.6255 -2.8982
2.6672 -2.9031
2.7089 -2.9089
2.7506 -2.9137
2.7923 -2.9183
2.834 -2.923
2.8757 -2.9271
2.9174 -2.9317
2.9591 -2.9357
3.0008 -2.9394
3.0425 -2.9437
3.0842 -2.9467
3.1259 -2.9499
3.1676 -2.9533
3.2093 -2.9557
3.251 -2.9585
3.2927 -2.9616
3.3344 -2.9639
3.3761 -2.9665
3.4178 -2.9692
3.4595 -2.9704
3.5012 -2.9728
3.5429 -2.9746
3.5846 -2.9769
3.6263 -2.9779
3.668 -2.9795
3.7097 -2.9812
3.7514 -2.9829
3.7931 -2.9835
3.8348 -2.9851
3.8765 -2.9866
3.9182 -2.9872
3.9599 -2.9878
4.0016 -2.9888